Subject Block Trial Dot_Coherence Sound_Direction Target_Location Response Response_Correct
02 01 01 +0.00 +0 -1 -1 1
02 01 02 +0.56 -1 -1 -1 1
02 01 03 +0.42 +0 -1 -1 1
02 01 04 +0.56 +0 +1 +1 1
02 01 05 +0.13 +1 -1 +1 0
02 01 06 +0.32 +1 +1 +1 1
02 01 07 +0.24 -1 -1 -1 1
02 01 08 +0.13 +0 -1 -1 1
02 01 09 +0.56 +0 -1 -1 1
02 01 10 +0.18 -1 -1 -1 1
02 01 11 +0.75 -1 +1 +1 1
02 01 12 +0.10 +1 +1 +1 1
02 01 13 +0.10 -1 -1 +1 0
02 01 14 +0.32 +0 +1 +1 1
02 01 15 +0.56 +1 -1 -1 1
02 01 16 +0.75 -1 -1 -1 1
02 01 17 +0.75 +1 -1 -1 1
02 01 18 +0.75 +0 -1 -1 1
02 01 19 +0.24 +1 -1 +1 0
02 01 20 +1.00 +0 +1 +1 1
02 01 21 +0.24 +0 -1 -1 1
02 01 22 +0.56 +1 +1 +1 1
02 01 23 +0.32 +1 -1 -1 1
02 01 24 +0.10 +0 +1 +1 1
02 01 25 +1.00 +0 -1 -1 1
02 01 26 +0.18 -1 +1 +1 1
02 01 27 +0.00 -1 -1 +1 1
02 01 28 +1.00 +1 -1 -1 1
02 01 29 +0.00 +0 +1 +1 1
02 01 30 +0.10 -1 +1 +1 1
02 01 31 +1.00 -1 +1 +1 1
02 01 32 +0.18 +0 +1 +1 1
02 01 33 +0.24 +0 +1 +1 1
02 01 34 +0.75 +1 +1 +1 1
02 01 35 +0.13 -1 +1 +1 1
02 01 36 +1.00 -1 -1 -1 1
02 01 37 +0.13 -1 -1 -1 1
02 01 38 +0.32 +0 -1 -1 1
02 01 39 +0.13 +1 +1 +1 1
02 01 40 +0.10 +0 -1 +1 0
02 01 41 +0.18 +1 +1 +1 1
02 01 42 +0.42 -1 +1 +1 1
02 01 43 +0.24 -1 +1 +1 1
02 01 44 +0.75 +0 +1 +1 1
02 01 45 +0.56 -1 +1 +1 1
02 01 46 +1.00 +1 +1 +1 1
02 01 47 +0.00 -1 +1 -1 1
02 01 48 +0.42 +1 +1 +1 1
02 01 49 +0.32 -1 -1 -1 1
02 01 50 +0.24 +1 +1 +1 1
02 01 51 +0.00 +1 +1 +1 1
02 01 52 +0.32 -1 +1 +1 1
02 01 53 +0.00 +1 -1 +1 0
02 01 54 +0.42 +1 -1 -1 1
02 01 55 +0.13 +0 +1 +1 1
02 01 56 +0.10 +1 -1 -1 1
02 01 57 +0.18 +0 -1 -1 1
02 01 58 +0.42 -1 -1 -1 1
02 01 59 +0.18 +1 -1 -1 1
02 01 60 +0.42 +0 +1 +1 1
02 02 01 +0.18 +0 -1 -1 1
02 02 02 +1.00 -1 +1 +1 1
02 02 03 +0.42 +0 +1 +1 1
02 02 04 +0.13 +0 -1 -1 1
02 02 05 +0.00 -1 -1 +1 0
02 02 06 +0.75 -1 -1 -1 1
02 02 07 +0.32 -1 +1 +1 1
02 02 08 +0.00 +0 +1 -1 1
02 02 09 +0.10 +1 +1 +1 1
02 02 10 +0.10 +0 +1 +1 1
02 02 11 +0.10 -1 +1 +1 1
02 02 12 +0.24 -1 +1 +1 1
02 02 13 +0.10 +0 -1 -1 1
02 02 14 +0.32 +1 -1 -1 1
02 02 15 +0.24 +0 +1 +1 1
02 02 16 +1.00 +1 -1 -1 1
02 02 17 +0.42 +1 +1 +1 1
02 02 18 +1.00 +1 +1 +1 1
02 02 19 +0.24 +1 -1 -1 1
02 02 20 +0.42 -1 -1 -1 1
02 02 21 +0.75 +0 +1 +1 1
02 02 22 +0.13 +1 +1 +1 1
02 02 23 +0.13 -1 +1 -1 0
02 02 24 +0.56 -1 +1 +1 1
02 02 25 +0.18 +0 +1 +1 1
02 02 26 +0.32 -1 -1 -1 1
02 02 27 +0.24 +1 +1 +1 1
02 02 28 +0.13 -1 -1 +1 0
02 02 29 +0.18 +1 -1 -1 1
02 02 30 +0.42 -1 +1 +1 1
02 02 31 +0.32 +0 -1 -1 1
02 02 32 +1.00 +0 -1 -1 1
02 02 33 +0.18 -1 -1 -1 1
02 02 34 +0.32 +1 +1 +1 1
02 02 35 +0.56 +0 -1 -1 1
02 02 36 +0.75 +1 -1 -1 1
02 02 37 +1.00 +0 +1 +1 1
02 02 38 +0.56 +1 +1 +1 1
02 02 39 +0.24 -1 -1 -1 1
02 02 40 +0.56 +1 -1 -1 1
02 02 41 +0.42 +1 -1 -1 1
02 02 42 +0.42 +0 -1 -1 1
02 02 43 +0.00 +1 +1 +1 0
02 02 44 +0.24 +0 -1 -1 1
02 02 45 +0.32 +0 +1 +1 1
02 02 46 +0.75 -1 +1 +1 1
02 02 47 +0.10 +1 -1 -1 1
02 02 48 +0.00 +0 -1 -1 0
02 02 49 +0.56 -1 -1 -1 1
02 02 50 +0.10 -1 -1 +1 0
02 02 51 +0.56 +0 +1 +1 1
02 02 52 +0.00 +1 -1 -1 1
02 02 53 +0.75 +1 +1 +1 1
02 02 54 +0.13 +0 +1 +1 1
02 02 55 +0.13 +1 -1 +1 0
02 02 56 +0.18 +1 +1 +1 1
02 02 57 +1.00 -1 -1 -1 1
02 02 58 +0.18 -1 +1 +1 1
02 02 59 +0.75 +0 -1 -1 1
02 02 60 +0.00 -1 +1 +1 0
02 03 01 +0.42 -1 -1 -1 1
02 03 02 +0.10 +1 +1 +1 1
02 03 03 +0.00 +1 -1 +1 0
02 03 04 +0.13 +0 +1 +1 1
02 03 05 +0.24 -1 +1 +1 1
02 03 06 +0.24 +1 +1 +1 1
02 03 07 +0.32 +0 +1 +1 1
02 03 08 +0.13 +1 +1 +1 1
02 03 09 +0.24 +1 -1 -1 1
02 03 10 +0.32 +0 -1 -1 1
02 03 11 +0.32 -1 +1 +1 1
02 03 12 +0.18 +1 -1 +1 0
02 03 13 +0.75 -1 -1 -1 1
02 03 14 +0.13 +0 -1 +1 0
02 03 15 +0.18 +1 +1 +1 1
02 03 16 +0.13 -1 -1 -1 1
02 03 17 +1.00 +1 -1 -1 1
02 03 18 +0.75 -1 +1 +1 1
02 03 19 +0.18 -1 -1 -1 1
02 03 20 +0.18 -1 +1 +1 1
02 03 21 +0.13 -1 +1 +1 1
02 03 22 +0.10 -1 +1 +1 1
02 03 23 +0.42 +0 +1 +1 1
02 03 24 +0.75 +0 -1 -1 1
02 03 25 +0.10 +1 -1 -1 1
02 03 26 +1.00 -1 +1 +1 1
02 03 27 +0.00 -1 -1 +1 1
02 03 28 +0.32 +1 +1 +1 1
02 03 29 +0.00 -1 +1 +1 0
02 03 30 +0.75 +1 -1 -1 1
02 03 31 +0.00 +1 +1 +1 1
02 03 32 +0.32 -1 -1 -1 1
02 03 33 +0.56 +1 +1 +1 1
02 03 34 +0.10 +0 -1 +1 0
02 03 35 +0.42 +0 -1 -1 1
02 03 36 +0.42 -1 +1 +1 1
02 03 37 +0.24 +0 +1 +1 1
02 03 38 +0.75 +1 +1 +1 1
02 03 39 +0.24 -1 -1 -1 1
02 03 40 +0.32 +1 -1 -1 1
02 03 41 +0.18 +0 -1 -1 1
02 03 42 +0.56 +0 +1 +1 1
02 03 43 +0.10 -1 -1 -1 1
02 03 44 +0.56 -1 -1 -1 1
02 03 45 +1.00 -1 -1 -1 1
02 03 46 +0.00 +0 -1 +1 0
02 03 47 +0.75 +0 +1 +1 1
02 03 48 +0.56 +0 -1 -1 1
02 03 49 +0.13 +1 -1 -1 1
02 03 50 +1.00 +1 +1 +1 1
02 03 51 +0.24 +0 -1 -1 1
02 03 52 +0.00 +0 +1 -1 0
02 03 53 +0.42 +1 -1 -1 1
02 03 54 +0.10 +0 +1 +1 1
02 03 55 +1.00 +0 +1 +1 1
02 03 56 +0.56 -1 +1 +1 1
02 03 57 +0.18 +0 +1 +1 1
02 03 58 +1.00 +0 -1 -1 1
02 03 59 +0.42 +1 +1 +1 1
02 03 60 +0.56 +1 -1 -1 1
02 04 01 +0.42 +1 -1 -1 1
02 04 02 +0.24 -1 -1 -1 1
02 04 03 +0.00 +0 +1 +1 0
02 04 04 +1.00 +0 +1 +1 1
02 04 05 +0.00 +0 -1 +1 1
02 04 06 +0.75 +1 +1 +1 1
02 04 07 +0.32 +0 +1 +1 1
02 04 08 +0.13 -1 -1 -1 1
02 04 09 +0.24 +1 -1 -1 1
02 04 10 +0.13 -1 +1 +1 1
02 04 11 +0.24 +0 -1 -1 1
02 04 12 +0.18 +1 -1 -1 1
02 04 13 +0.32 +0 -1 -1 1
02 04 14 +0.42 +1 +1 +1 1
02 04 15 +0.10 +1 +1 +1 1
02 04 16 +0.75 +1 -1 -1 1
02 04 17 +0.10 +0 -1 -1 1
02 04 18 +0.32 +1 +1 +1 1
02 04 19 +0.56 +0 -1 -1 1
02 04 20 +0.75 -1 +1 +1 1
02 04 21 +1.00 +1 +1 +1 1
02 04 22 +1.00 +0 -1 -1 1
02 04 23 +0.56 +1 -1 -1 1
02 04 24 +0.18 -1 +1 +1 1
02 04 25 +0.42 +0 +1 +1 1
02 04 26 +0.10 -1 -1 -1 1
02 04 27 +0.18 +0 +1 +1 1
02 04 28 +0.00 -1 -1 +1 1
02 04 29 +0.13 +0 -1 -1 1
02 04 30 +0.56 -1 -1 -1 1
02 04 31 +0.18 +0 -1 -1 1
02 04 32 +0.13 +0 +1 +1 1
02 04 33 +0.56 +0 +1 +1 1
02 04 34 +1.00 -1 -1 -1 1
02 04 35 +0.00 +1 +1 +1 1
02 04 36 +0.00 -1 +1 +1 1
02 04 37 +0.42 -1 -1 -1 1
02 04 38 +0.24 +1 +1 +1 1
02 04 39 +0.42 -1 +1 +1 1
02 04 40 +0.00 +1 -1 +1 0
02 04 41 +0.24 -1 +1 +1 1
02 04 42 +0.13 +1 -1 +1 0
02 04 43 +0.18 -1 -1 +1 0
02 04 44 +0.75 +0 -1 -1 1
02 04 45 +0.56 -1 +1 +1 1
02 04 46 +0.24 +0 +1 +1 1
02 04 47 +0.18 +1 +1 +1 1
02 04 48 +0.75 +0 +1 +1 1
02 04 49 +1.00 +1 -1 -1 1
02 04 50 +0.10 +1 -1 +1 0
02 04 51 +0.75 -1 -1 -1 1
02 04 52 +0.10 +0 +1 +1 1
02 04 53 +0.42 +0 -1 -1 1
02 04 54 +0.32 -1 -1 +1 0
02 04 55 +0.32 +1 -1 +1 0
02 04 56 +0.56 +1 +1 +1 1
02 04 57 +0.10 -1 +1 +1 1
02 04 58 +0.32 -1 +1 +1 1
02 04 59 +1.00 -1 +1 +1 1
02 04 60 +0.13 +1 +1 +1 1
02 05 01 +0.42 -1 -1 -1 1
02 05 02 +0.24 +0 -1 +1 0
02 05 03 +0.56 -1 +1 +1 1
02 05 04 +0.13 +1 +1 +1 1
02 05 05 +1.00 +0 -1 -1 1
02 05 06 +0.56 -1 -1 -1 1
02 05 07 +0.10 +0 +1 +1 1
02 05 08 +0.13 -1 -1 +1 0
02 05 09 +0.32 +0 +1 +1 1
02 05 10 +1.00 -1 -1 -1 1
02 05 11 +0.24 -1 -1 -1 1
02 05 12 +1.00 +1 -1 -1 1
02 05 13 +0.10 -1 +1 +1 1
02 05 14 +0.32 +1 -1 -1 1
02 05 15 +0.18 +0 -1 -1 1
02 05 16 +0.75 -1 -1 -1 1
02 05 17 +0.24 +1 -1 -1 1
02 05 18 +0.00 +1 +1 -1 1
02 05 19 +0.75 +0 -1 -1 1
02 05 20 +0.18 -1 -1 -1 1
02 05 21 +0.75 -1 +1 +1 1
02 05 22 +0.13 +1 -1 +1 0
02 05 23 +0.10 +1 +1 +1 1
02 05 24 +0.56 +1 +1 +1 1
02 05 25 +0.18 +1 +1 +1 1
02 05 26 +0.00 +1 -1 +1 0
02 05 27 +0.00 +0 +1 +1 0
02 05 28 +0.00 +0 -1 +1 0
02 05 29 +0.10 -1 -1 -1 1
02 05 30 +0.32 -1 +1 +1 1
02 05 31 +0.13 -1 +1 +1 1
02 05 32 +0.42 +0 -1 -1 1
02 05 33 +0.00 -1 +1 +1 1
02 05 34 +0.13 +0 -1 -1 1
02 05 35 +0.42 +1 -1 -1 1
02 05 36 +0.56 +0 -1 -1 1
02 05 37 +0.32 +1 +1 +1 1
02 05 38 +1.00 +1 +1 +1 1
02 05 39 +0.75 +0 +1 +1 1
02 05 40 +1.00 -1 +1 +1 1
02 05 41 +1.00 +0 +1 +1 1
02 05 42 +0.32 +0 -1 -1 1
02 05 43 +0.75 +1 -1 -1 1
02 05 44 +0.24 +1 +1 +1 1
02 05 45 +0.24 +0 +1 +1 1
02 05 46 +0.00 -1 -1 +1 0
02 05 47 +0.18 -1 +1 +1 1
02 05 48 +0.18 +0 +1 +1 1
02 05 49 +0.42 +1 +1 +1 1
02 05 50 +0.56 +0 +1 +1 1
02 05 51 +0.56 +1 -1 -1 1
02 05 52 +0.42 -1 +1 +1 1
02 05 53 +0.75 +1 +1 +1 1
02 05 54 +0.24 -1 +1 +1 1
02 05 55 +0.13 +0 +1 +1 1
02 05 56 +0.42 +0 +1 +1 1
02 05 57 +0.18 +1 -1 +1 0
02 05 58 +0.10 +1 -1 +1 0
02 05 59 +0.32 -1 -1 -1 1
02 05 60 +0.10 +0 -1 +1 0
02 06 01 +0.42 +0 -1 -1 1
02 06 02 +0.10 +0 -1 -1 1
02 06 03 +1.00 +1 -1 -1 1
02 06 04 +0.13 +0 -1 -1 1
02 06 05 +0.00 +0 -1 +1 1
02 06 06 +0.56 +0 +1 +1 1
02 06 07 +0.00 +1 +1 -1 0
02 06 08 +0.56 +0 -1 -1 1
02 06 09 +1.00 -1 +1 +1 1
02 06 10 +0.13 -1 -1 -1 1
02 06 11 +0.18 -1 -1 +1 0
02 06 12 +0.32 -1 +1 +1 1
02 06 13 +1.00 -1 -1 -1 1
02 06 14 +0.32 +1 +1 +1 1
02 06 15 +0.56 +1 -1 -1 1
02 06 16 +0.75 -1 -1 -1 1
02 06 17 +0.42 +0 +1 +1 1
02 06 18 +0.13 +0 +1 +1 1
02 06 19 +0.42 -1 +1 +1 1
02 06 20 +0.42 +1 -1 -1 1
02 06 21 +0.18 +1 +1 +1 1
02 06 22 +0.32 +0 +1 +1 1
02 06 23 +1.00 +0 -1 -1 1
02 06 24 +0.56 -1 -1 -1 1
02 06 25 +1.00 +1 +1 +1 1
02 06 26 +0.00 +0 +1 +1 1
02 06 27 +0.13 +1 -1 -1 1
02 06 28 +0.56 +1 +1 +1 1
02 06 29 +0.00 +1 -1 +1 0
02 06 30 +1.00 +0 +1 +1 1
02 06 31 +0.75 +0 +1 +1 1
02 06 32 +0.10 +1 -1 -1 1
02 06 33 +0.24 +0 +1 +1 1
02 06 34 +0.32 -1 -1 -1 1
02 06 35 +0.42 +1 +1 +1 1
02 06 36 +0.75 -1 +1 +1 1
02 06 37 +0.18 -1 +1 +1 1
02 06 38 +0.18 +0 +1 +1 1
02 06 39 +0.18 +0 -1 -1 1
02 06 40 +0.18 +1 -1 -1 1
02 06 41 +0.10 +1 +1 +1 1
02 06 42 +0.75 +1 -1 -1 1
02 06 43 +0.24 +1 +1 +1 1
02 06 44 +0.24 -1 -1 -1 1
02 06 45 +0.24 +0 -1 -1 1
02 06 46 +0.32 +0 -1 -1 1
02 06 47 +0.00 -1 +1 -1 0
02 06 48 +0.10 -1 -1 +1 0
02 06 49 +0.10 +0 +1 +1 1
02 06 50 +0.75 +1 +1 +1 1
02 06 51 +0.10 -1 +1 -1 0
02 06 52 +0.32 +1 -1 -1 1
02 06 53 +0.24 -1 +1 +1 1
02 06 54 +0.24 +1 -1 -1 1
02 06 55 +0.13 -1 +1 -1 0
02 06 56 +0.42 -1 -1 -1 1
02 06 57 +0.56 -1 +1 +1 1
02 06 58 +0.00 -1 -1 -1 0
02 06 59 +0.13 +1 +1 +1 1
02 06 60 +0.75 +0 -1 -1 1
02 07 01 +0.10 +0 +1 +1 1
02 07 02 +0.32 +1 +1 +1 1
02 07 03 +0.24 -1 +1 +1 1
02 07 04 +0.56 +1 +1 +1 1
02 07 05 +0.10 -1 -1 -1 1
02 07 06 +0.56 -1 -1 -1 1
02 07 07 +0.13 -1 -1 -1 1
02 07 08 +0.56 -1 +1 +1 1
02 07 09 +0.56 +1 -1 -1 1
02 07 10 +0.18 -1 +1 +1 1
02 07 11 +0.00 +1 -1 -1 1
02 07 12 +0.00 +0 +1 -1 1
02 07 13 +0.42 -1 +1 +1 1
02 07 14 +0.10 -1 +1 +1 1
02 07 15 +0.13 -1 +1 +1 1
02 07 16 +0.24 +0 -1 -1 1
02 07 17 +1.00 -1 -1 -1 1
02 07 18 +1.00 -1 +1 +1 1
02 07 19 +0.75 +1 +1 +1 1
02 07 20 +0.32 +0 -1 -1 1
02 07 21 +0.75 +0 -1 -1 1
02 07 22 +1.00 +1 -1 -1 1
02 07 23 +0.56 +0 +1 +1 1
02 07 24 +0.42 -1 -1 -1 1
02 07 25 +0.32 +1 -1 -1 1
02 07 26 +0.24 -1 -1 -1 1
02 07 27 +1.00 +0 -1 -1 1
02 07 28 +0.75 -1 -1 -1 1
02 07 29 +0.75 +0 +1 +1 1
02 07 30 +0.10 +0 -1 -1 1
02 07 31 +1.00 +0 +1 +1 1
02 07 32 +0.18 -1 -1 -1 1
02 07 33 +0.24 +1 +1 +1 1
02 07 34 +0.00 +0 -1 -1 1
02 07 35 +0.18 +0 -1 -1 1
02 07 36 +0.24 +0 +1 +1 1
02 07 37 +0.75 -1 +1 +1 1
02 07 38 +0.32 +0 +1 +1 1
02 07 39 +0.00 -1 +1 +1 0
02 07 40 +0.18 +1 -1 +1 0
02 07 41 +0.13 +1 +1 +1 1
02 07 42 +0.00 +1 +1 +1 0
02 07 43 +0.24 +1 -1 -1 1
02 07 44 +0.10 +1 -1 +1 0
02 07 45 +0.32 -1 -1 -1 1
02 07 46 +0.75 +1 -1 -1 1
02 07 47 +0.18 +1 +1 +1 1
02 07 48 +0.42 +0 +1 +1 1
02 07 49 +0.42 +0 -1 -1 1
02 07 50 +1.00 +1 +1 +1 1
02 07 51 +0.42 +1 +1 +1 1
02 07 52 +0.13 +0 -1 -1 1
02 07 53 +0.13 +0 +1 +1 1
02 07 54 +0.13 +1 -1 -1 1
02 07 55 +0.18 +0 +1 +1 1
02 07 56 +0.42 +1 -1 -1 1
02 07 57 +0.32 -1 +1 +1 1
02 07 58 +0.10 +1 +1 +1 1
02 07 59 +0.00 -1 -1 -1 1
02 07 60 +0.56 +0 -1 -1 1
02 08 01 +1.00 -1 -1 -1 1
02 08 02 +0.00 +1 +1 +1 0
02 08 03 +0.10 -1 -1 +1 0
02 08 04 +0.32 -1 -1 -1 1
02 08 05 +0.18 +1 +1 +1 1
02 08 06 +0.56 -1 +1 +1 1
02 08 07 +0.24 -1 -1 -1 1
02 08 08 +0.13 +1 +1 +1 1
02 08 09 +0.75 -1 +1 +1 1
02 08 10 +0.18 +1 -1 -1 1
02 08 11 +0.42 -1 -1 -1 1
02 08 12 +1.00 +1 +1 +1 1
02 08 13 +0.56 +0 -1 -1 1
02 08 14 +0.75 -1 -1 -1 1
02 08 15 +0.00 -1 +1 +1 0
02 08 16 +0.24 +1 -1 -1 1
02 08 17 +0.00 +0 +1 +1 0
02 08 18 +0.56 +1 +1 +1 1
02 08 19 +0.42 +0 -1 -1 1
02 08 20 +0.56 +1 -1 -1 1
02 08 21 +0.24 +1 +1 +1 1
02 08 22 +0.32 +0 -1 -1 1
02 08 23 +0.75 +1 -1 -1 1
02 08 24 +0.75 +0 -1 -1 1
02 08 25 +0.10 +1 +1 +1 1
02 08 26 +0.10 -1 +1 +1 1
02 08 27 +1.00 +0 +1 +1 1
02 08 28 +0.18 +0 -1 +1 0
02 08 29 +0.42 -1 +1 +1 1
02 08 30 +0.56 +0 +1 +1 1
02 08 31 +0.10 +1 -1 -1 1
02 08 32 +0.42 +1 -1 -1 1
02 08 33 +0.13 +0 +1 +1 1
02 08 34 +0.10 +0 -1 +1 0
02 08 35 +0.18 -1 -1 -1 1
02 08 36 +1.00 +0 -1 -1 1
02 08 37 +0.13 +1 -1 -1 1
02 08 38 +0.24 -1 +1 +1 1
02 08 39 +0.24 +0 +1 +1 1
02 08 40 +0.32 +1 +1 +1 1
02 08 41 +0.18 +0 +1 +1 1
02 08 42 +0.42 +1 +1 +1 1
02 08 43 +0.13 -1 +1 +1 1
02 08 44 +0.00 +0 -1 +1 1
02 08 45 +0.42 +0 +1 +1 1
02 08 46 +0.56 -1 -1 -1 1
02 08 47 +0.13 -1 -1 +1 0
02 08 48 +0.10 +0 +1 +1 1
02 08 49 +1.00 +1 -1 -1 1
02 08 50 +0.75 +0 +1 +1 1
02 08 51 +0.32 +0 +1 +1 1
02 08 52 +0.75 +1 +1 +1 1
02 08 53 +0.32 +1 -1 -1 1
02 08 54 +0.18 -1 +1 +1 1
02 08 55 +0.32 -1 +1 +1 1
02 08 56 +0.00 -1 -1 +1 1
02 08 57 +0.24 +0 -1 +1 0
02 08 58 +0.13 +0 -1 -1 1
02 08 59 +0.00 +1 -1 +1 1
02 08 60 +1.00 -1 +1 +1 1
02 09 01 +0.13 +1 -1 +1 0
02 09 02 +0.32 +0 +1 +1 1
02 09 03 +1.00 +1 +1 +1 1
02 09 04 +0.42 +0 +1 +1 1
02 09 05 +0.42 +0 -1 -1 1
02 09 06 +0.75 -1 -1 -1 1
02 09 07 +0.13 -1 +1 +1 1
02 09 08 +0.75 +0 +1 +1 1
02 09 09 +0.56 +0 +1 +1 1
02 09 10 +1.00 +0 -1 -1 1
02 09 11 +0.18 +0 +1 +1 1
02 09 12 +0.75 +1 -1 -1 1
02 09 13 +0.10 -1 -1 +1 0
02 09 14 +0.75 +1 +1 +1 1
02 09 15 +0.32 +1 +1 +1 1
02 09 16 +0.75 +0 -1 -1 1
02 09 17 +0.56 -1 -1 -1 1
02 09 18 +0.00 -1 +1 +1 0
02 09 19 +0.18 +1 -1 -1 1
02 09 20 +0.13 +0 +1 +1 1
02 09 21 +0.24 +0 -1 -1 1
02 09 22 +0.32 -1 -1 -1 1
02 09 23 +0.00 +0 +1 +1 0
02 09 24 +0.32 +1 -1 -1 1
02 09 25 +0.42 -1 -1 -1 1
02 09 26 +0.32 +0 -1 -1 1
02 09 27 +0.18 -1 +1 +1 1
02 09 28 +1.00 -1 -1 -1 1
02 09 29 +0.56 +0 -1 -1 1
02 09 30 +0.24 +1 +1 +1 1
02 09 31 +1.00 +1 -1 -1 1
02 09 32 +0.10 +1 +1 +1 1
02 09 33 +0.56 +1 +1 +1 1
02 09 34 +0.56 -1 +1 +1 1
02 09 35 +0.24 -1 -1 -1 1
02 09 36 +0.00 -1 -1 +1 0
02 09 37 +0.18 +1 +1 +1 1
02 09 38 +0.10 -1 +1 +1 1
02 09 39 +0.24 -1 +1 +1 1
02 09 40 +0.42 -1 +1 +1 1
02 09 41 +0.00 +1 +1 +1 0
02 09 42 +0.00 +0 -1 +1 0
02 09 43 +0.56 +1 -1 -1 1
02 09 44 +0.18 +0 -1 +1 0
02 09 45 +0.00 +1 -1 +1 0
02 09 46 +1.00 -1 +1 +1 1
02 09 47 +0.24 +0 +1 +1 1
02 09 48 +0.75 -1 +1 +1 1
02 09 49 +0.18 -1 -1 -1 1
02 09 50 +0.13 -1 -1 -1 1
02 09 51 +0.32 -1 +1 +1 1
02 09 52 +1.00 +0 +1 +1 1
02 09 53 +0.24 +1 -1 -1 1
02 09 54 +0.42 +1 -1 -1 1
02 09 55 +0.42 +1 +1 +1 1
02 09 56 +0.13 +0 -1 -1 1
02 09 57 +0.10 +0 +1 -1 0
02 09 58 +0.10 +1 -1 -1 1
02 09 59 +0.13 +1 +1 +1 1
02 09 60 +0.10 +0 -1 -1 1
02 10 01 +0.24 -1 +1 +1 1
02 10 02 +0.18 +0 -1 -1 1
02 10 03 +0.18 +1 -1 +1 0
02 10 04 +0.56 -1 -1 -1 1
02 10 05 +0.10 -1 +1 +1 1
02 10 06 +0.13 +0 -1 -1 1
02 10 07 +0.75 +1 -1 -1 1
02 10 08 +0.24 -1 -1 -1 1
02 10 09 +0.13 -1 +1 +1 1
02 10 10 +0.10 +1 -1 -1 1
02 10 11 +0.42 +1 -1 -1 1
02 10 12 +0.42 +0 -1 -1 1
02 10 13 +0.56 +1 -1 -1 1
02 10 14 +0.32 -1 +1 +1 1
02 10 15 +0.18 +0 +1 +1 1
02 10 16 +1.00 -1 +1 +1 1
02 10 17 +0.32 +0 -1 -1 1
02 10 18 +1.00 +1 +1 +1 1
02 10 19 +0.56 +0 +1 +1 1
02 10 20 +0.00 +1 -1 +1 0
02 10 21 +0.18 -1 -1 -1 1
02 10 22 +0.24 +1 -1 -1 1
02 10 23 +0.24 +0 +1 +1 1
02 10 24 +0.18 +1 +1 +1 1
02 10 25 +0.00 -1 +1 -1 0
02 10 26 +0.00 -1 -1 +1 0
02 10 27 +0.42 -1 -1 -1 1
02 10 28 +1.00 -1 -1 -1 1
02 10 29 +0.00 +0 -1 +1 1
02 10 30 +0.00 +1 +1 +1 1
02 10 31 +0.32 -1 -1 -1 1
02 10 32 +0.10 +0 -1 -1 1
02 10 33 +0.10 -1 -1 -1 1
02 10 34 +0.32 +1 -1 -1 1
02 10 35 +0.32 +0 +1 +1 1
02 10 36 +0.56 -1 +1 +1 1
02 10 37 +1.00 +0 -1 -1 1
02 10 38 +0.75 +0 +1 +1 1
02 10 39 +0.13 -1 -1 -1 1
02 10 40 +0.10 +1 +1 -1 0
02 10 41 +0.75 +1 +1 +1 1
02 10 42 +0.13 +0 +1 +1 1
02 10 43 +0.42 +1 +1 +1 1
02 10 44 +0.18 -1 +1 +1 1
02 10 45 +1.00 +0 +1 +1 1
02 10 46 +0.24 +1 +1 -1 0
02 10 47 +0.13 +1 +1 -1 0
02 10 48 +0.24 +0 -1 -1 1
02 10 49 +0.75 +0 -1 -1 1
02 10 50 +0.32 +1 +1 +1 1
02 10 51 +0.42 +0 +1 +1 1
02 10 52 +0.10 +0 +1 +1 1
02 10 53 +0.56 +0 -1 -1 1
02 10 54 +0.56 +1 +1 +1 1
02 10 55 +0.13 +1 -1 -1 1
02 10 56 +0.42 -1 +1 +1 1
02 10 57 +0.75 -1 +1 +1 1
02 10 58 +0.75 -1 -1 -1 1
02 10 59 +0.00 +0 +1 +1 0
02 10 60 +1.00 +1 -1 -1 1
