Subject Block Trial Dot_Coherence Sound_Direction Response
05 01 01 +1.00 +1 +1
05 01 02 +0.32 +0 -1
05 01 03 +0.56 -1 +1
05 01 04 +0.56 +0 +1
05 01 05 +0.10 +0 +1
05 01 06 -0.32 +0 -1
05 01 07 +0.32 +1 +1
05 01 08 +1.00 -1 +1
05 01 09 -0.18 +0 -1
05 01 10 -0.18 +1 -1
05 01 11 -0.10 +0 -1
05 01 12 -0.56 -1 -1
05 01 13 -0.32 +1 -1
05 01 14 +0.32 -1 +1
05 01 15 -1.00 +1 +1
05 01 16 -0.18 -1 -1
05 01 17 -0.56 +0 +1
05 01 18 -1.00 -1 -1
05 01 19 +0.18 +0 +1
05 01 20 -0.10 -1 +1
05 01 21 +0.10 -1 -1
05 01 22 -0.10 +1 +1
05 01 23 +1.00 +0 +1
05 01 24 -0.56 +1 -1
05 01 25 +0.00 +0 +1
05 01 26 +0.00 -1 -1
05 01 27 +0.18 +1 +1
05 01 28 +0.10 +1 +1
05 01 29 -0.32 -1 -1
05 01 30 +0.56 +1 +1
05 01 31 +0.18 -1 +1
05 01 32 -1.00 +0 -1
05 01 33 +0.00 +1 +1
05 02 01 -1.00 -1 -1
05 02 02 -0.10 -1 +1
05 02 03 +1.00 +1 +1
05 02 04 +0.18 +1 +1
05 02 05 +1.00 -1 +1
05 02 06 +0.32 +0 +1
05 02 07 -0.18 +0 -1
05 02 08 +0.32 +1 +1
05 02 09 +0.10 +0 +1
05 02 10 -0.32 -1 -1
05 02 11 +0.00 +1 +1
05 02 12 -0.18 -1 +1
05 02 13 -0.56 +0 +1
05 02 14 +0.56 +0 +1
05 02 15 -0.56 +1 -1
05 02 16 -1.00 +0 -1
05 02 17 +0.10 -1 +1
05 02 18 +0.18 +0 +1
05 02 19 +0.10 +1 +1
05 02 20 -1.00 +1 -1
05 02 21 -0.32 +0 +1
05 02 22 -0.18 +1 -1
05 02 23 -0.56 -1 -1
05 02 24 -0.10 +1 +1
05 02 25 -0.10 +0 +1
05 02 26 +0.56 -1 +1
05 02 27 +0.18 -1 +1
05 02 28 +0.56 +1 +1
05 02 29 +0.32 -1 +1
05 02 30 +0.00 +0 -1
05 02 31 -0.32 +1 -1
05 02 32 +0.00 -1 +1
05 02 33 +1.00 +0 +1
05 03 01 +1.00 +0 +1
05 03 02 +1.00 +1 +1
05 03 03 +0.10 -1 -1
05 03 04 -0.10 -1 -1
05 03 05 -0.32 -1 +1
05 03 06 -0.18 +1 -1
05 03 07 +0.10 +0 +1
05 03 08 -1.00 +0 -1
05 03 09 -0.56 +0 -1
05 03 10 +0.56 +1 +1
05 03 11 -0.32 +0 -1
05 03 12 +0.56 -1 +1
05 03 13 -0.32 +1 -1
05 03 14 +0.56 +0 +1
05 03 15 +0.00 +0 +1
05 03 16 -0.10 +0 -1
05 03 17 +1.00 -1 +1
05 03 18 +0.32 -1 +1
05 03 19 -0.10 +1 -1
05 03 20 -0.18 -1 -1
05 03 21 +0.32 +0 +1
05 03 22 +0.32 +1 +1
05 03 23 -1.00 -1 -1
05 03 24 -0.56 -1 -1
05 03 25 -0.18 +0 -1
05 03 26 +0.00 +1 +1
05 03 27 +0.18 -1 +1
05 03 28 +0.18 +1 +1
05 03 29 +0.00 -1 -1
05 03 30 +0.10 +1 +1
05 03 31 -1.00 +1 -1
05 03 32 +0.18 +0 +1
05 03 33 -0.56 +1 -1
05 04 01 -0.32 -1 -1
05 04 02 -0.56 +1 -1
05 04 03 -0.10 -1 +1
05 04 04 -0.56 -1 -1
05 04 05 +1.00 +0 +1
05 04 06 +0.18 -1 +1
05 04 07 -1.00 +0 -1
05 04 08 +0.00 +1 +1
05 04 09 +0.10 -1 -1
05 04 10 +1.00 -1 +1
05 04 11 +0.56 -1 +1
05 04 12 +0.18 +0 -1
05 04 13 -0.56 +0 -1
05 04 14 -0.32 +1 +1
05 04 15 +0.32 +0 +1
05 04 16 +0.00 -1 -1
05 04 17 -1.00 +1 -1
05 04 18 -0.18 +1 +1
05 04 19 -1.00 -1 -1
05 04 20 +0.10 +1 +1
05 04 21 +1.00 +1 +1
05 04 22 -0.18 +0 -1
05 04 23 -0.32 +0 -1
05 04 24 +0.32 +1 +1
05 04 25 +0.56 +1 +1
05 04 26 +0.18 +1 +1
05 04 27 +0.00 +0 -1
05 04 28 +0.10 +0 +1
05 04 29 -0.18 -1 -1
05 04 30 -0.10 +0 +1
05 04 31 +0.32 -1 +1
05 04 32 -0.10 +1 -1
05 04 33 +0.56 +0 +1
05 05 01 +0.56 +0 +1
05 05 02 -0.10 -1 -1
05 05 03 +0.32 +0 +1
05 05 04 +0.18 -1 +1
05 05 05 +0.00 +1 +1
05 05 06 +0.18 +0 +1
05 05 07 +0.00 -1 -1
05 05 08 -0.32 +1 -1
05 05 09 -1.00 +1 -1
05 05 10 -0.56 +1 -1
05 05 11 +1.00 +1 +1
05 05 12 +0.32 +1 +1
05 05 13 +0.32 -1 +1
05 05 14 -0.10 +1 -1
05 05 15 +0.18 +1 +1
05 05 16 +0.10 +0 +1
05 05 17 -0.18 +0 -1
05 05 18 +0.56 -1 +1
05 05 19 -0.32 -1 -1
05 05 20 -0.10 +0 +1
05 05 21 +1.00 +0 +1
05 05 22 -0.56 -1 -1
05 05 23 -0.18 -1 -1
05 05 24 +0.10 -1 +1
05 05 25 +0.56 +1 +1
05 05 26 -0.18 +1 -1
05 05 27 +0.00 +0 +1
05 05 28 -1.00 -1 -1
05 05 29 +1.00 -1 +1
05 05 30 -0.56 +0 -1
05 05 31 +0.10 +1 +1
05 05 32 -0.32 +0 -1
05 05 33 -1.00 +0 -1
05 06 01 -0.18 +1 +1
05 06 02 +0.00 -1 -1
05 06 03 +0.18 -1 +1
05 06 04 -0.10 +1 -1
05 06 05 -1.00 +1 -1
05 06 06 +1.00 +1 +1
05 06 07 +0.56 +1 +1
05 06 08 -1.00 -1 -1
05 06 09 -0.32 -1 -1
05 06 10 +0.18 +0 +1
05 06 11 -0.10 +0 +1
05 06 12 +0.00 +1 +1
05 06 13 +0.10 +1 +1
05 06 14 -0.56 +0 -1
05 06 15 -0.18 +0 -1
05 06 16 -0.32 +0 -1
05 06 17 -0.56 +1 -1
05 06 18 +0.32 +1 +1
05 06 19 +0.56 -1 +1
05 06 20 +1.00 -1 +1
05 06 21 +1.00 +0 +1
05 06 22 -1.00 +0 -1
05 06 23 -0.32 +1 -1
05 06 24 +0.18 +1 +1
05 06 25 +0.10 +0 +1
05 06 26 +0.10 -1 +1
05 06 27 +0.00 +0 -1
05 06 28 -0.18 -1 -1
05 06 29 +0.32 -1 +1
05 06 30 -0.56 -1 -1
05 06 31 -0.10 -1 -1
05 06 32 +0.56 +0 +1
05 06 33 +0.32 +0 +1
05 07 01 +0.18 +1 +1
05 07 02 +0.18 +0 +1
05 07 03 -0.56 -1 -1
05 07 04 -0.10 -1 -1
05 07 05 -0.18 -1 -1
05 07 06 +0.18 -1 +1
05 07 07 -1.00 +0 -1
05 07 08 -0.10 +0 -1
05 07 09 +0.32 +1 +1
05 07 10 -1.00 -1 -1
05 07 11 +1.00 -1 +1
05 07 12 +0.56 +0 +1
05 07 13 +0.32 +0 +1
05 07 14 +0.56 -1 +1
05 07 15 +0.10 -1 +1
05 07 16 +0.32 -1 +1
05 07 17 +0.00 +0 +1
05 07 18 +0.00 -1 -1
05 07 19 +1.00 +1 +1
05 07 20 -1.00 +1 -1
05 07 21 -0.10 +1 +1
05 07 22 -0.56 +1 -1
05 07 23 -0.32 -1 -1
05 07 24 -0.56 +0 -1
05 07 25 -0.18 +0 -1
05 07 26 +0.10 +0 -1
05 07 27 +0.56 +1 +1
05 07 28 +0.10 +1 +1
05 07 29 +1.00 +0 +1
05 07 30 -0.18 +1 -1
05 07 31 +0.00 +1 +1
05 07 32 -0.32 +1 -1
05 07 33 -0.32 +0 +1
05 08 01 -0.56 +1 -1
05 08 02 -0.32 -1 -1
05 08 03 -0.10 +1 +1
05 08 04 -0.56 -1 -1
05 08 05 -1.00 +0 -1
05 08 06 +0.32 +0 +1
05 08 07 +0.56 -1 -1
05 08 08 -0.18 +1 -1
05 08 09 -1.00 -1 -1
05 08 10 +0.32 +1 +1
05 08 11 +0.10 +1 -1
05 08 12 +0.10 +0 +1
05 08 13 +0.56 +1 +1
05 08 14 +1.00 +1 +1
05 08 15 +0.00 +1 -1
05 08 16 +1.00 -1 +1
05 08 17 +0.56 +0 +1
05 08 18 +0.18 +0 +1
05 08 19 +0.00 -1 -1
05 08 20 +0.18 -1 +1
05 08 21 -0.10 -1 -1
05 08 22 -0.10 +0 -1
05 08 23 -0.56 +0 -1
05 08 24 -0.32 +1 -1
05 08 25 +1.00 +0 +1
05 08 26 +0.32 -1 +1
05 08 27 -0.18 -1 -1
05 08 28 -0.18 +0 +1
05 08 29 +0.18 +1 +1
05 08 30 -1.00 +1 -1
05 08 31 +0.00 +0 +1
05 08 32 +0.10 -1 -1
05 08 33 -0.32 +0 -1
05 09 01 +0.18 -1 +1
05 09 02 -0.18 -1 -1
05 09 03 +0.10 -1 +1
05 09 04 +0.10 +1 +1
05 09 05 -0.32 +0 -1
05 09 06 +0.00 -1 +1
05 09 07 -0.32 -1 -1
05 09 08 +0.56 +0 +1
05 09 09 -0.10 +0 -1
05 09 10 -0.10 +1 -1
05 09 11 -0.18 +1 -1
05 09 12 -1.00 -1 -1
05 09 13 +0.32 +1 +1
05 09 14 -0.10 -1 -1
05 09 15 +1.00 -1 +1
05 09 16 +0.00 +1 -1
05 09 17 +1.00 +0 +1
05 09 18 -1.00 +1 -1
05 09 19 -0.18 +0 -1
05 09 20 +0.18 +0 +1
05 09 21 -0.32 +1 -1
05 09 22 +0.32 +0 +1
05 09 23 +0.10 +0 +1
05 09 24 -1.00 +0 -1
05 09 25 +0.56 -1 +1
05 09 26 -0.56 -1 -1
05 09 27 +0.00 +0 +1
05 09 28 +0.56 +1 +1
05 09 29 +1.00 +1 +1
05 09 30 -0.56 +0 -1
05 09 31 +0.32 -1 +1
05 09 32 +0.18 +1 +1
05 09 33 -0.56 +1 -1
05 10 01 +0.00 +0 +1
05 10 02 +0.18 -1 +1
05 10 03 -0.10 +0 +1
05 10 04 +0.10 +1 +1
05 10 05 -0.32 +1 -1
05 10 06 +0.56 +0 +1
05 10 07 -1.00 +1 -1
05 10 08 +1.00 +1 +1
05 10 09 +0.56 -1 +1
05 10 10 +0.32 +1 +1
05 10 11 -0.32 +0 -1
05 10 12 -0.32 -1 -1
05 10 13 +0.32 +0 +1
05 10 14 -0.18 +1 -1
05 10 15 -0.10 +1 -1
05 10 16 +0.18 +1 +1
05 10 17 -0.56 -1 -1
05 10 18 +0.32 -1 +1
05 10 19 +1.00 +0 +1
05 10 20 +0.00 -1 -1
05 10 21 +0.10 -1 +1
05 10 22 -0.10 -1 -1
05 10 23 -0.56 +0 -1
05 10 24 +0.18 +0 +1
05 10 25 -1.00 +0 -1
05 10 26 -0.18 -1 +1
05 10 27 -1.00 -1 -1
05 10 28 +0.00 +1 +1
05 10 29 +0.56 +1 +1
05 10 30 +1.00 -1 +1
05 10 31 -0.18 +0 -1
05 10 32 -0.56 +1 -1
05 10 33 +0.10 +0 +1
