Subject Block Trial Dot_Coherence Sound_Direction Response
04 01 01 -0.50 -1 -1
04 01 02 +0.75 +1 +1
04 01 03 -1.00 -1 -1
04 01 04 -0.75 +1 -1
04 01 05 +0.50 -1 +1
04 01 06 +0.75 -1 +1
04 01 07 -0.50 +1 -1
04 01 08 +0.00 +1 +1
04 01 09 -1.00 +1 -1
04 01 10 +0.25 +1 +1
04 01 11 +0.75 +0 +1
04 01 12 +0.00 +0 +1
04 01 13 +0.00 -1 -1
04 01 14 +0.25 +0 +1
04 01 15 +0.25 -1 +1
04 01 16 -0.25 -1 -1
04 01 17 +0.50 +1 +1
04 01 18 -0.75 -1 -1
04 01 19 +0.50 +0 +1
04 01 20 -0.25 +1 -1
04 01 21 +1.00 -1 +1
04 01 22 -0.50 +0 -1
04 01 23 +1.00 +0 +1
04 01 24 -0.25 +0 -1
04 01 25 +1.00 +1 +1
04 01 26 -0.75 +0 -1
04 01 27 -1.00 +0 -1
04 02 01 -0.75 -1 -1
04 02 02 +0.25 +1 +1
04 02 03 -0.25 +0 -1
04 02 04 +0.75 +0 +1
04 02 05 -0.25 +1 -1
04 02 06 -1.00 +1 -1
04 02 07 +0.25 +0 +1
04 02 08 -0.25 -1 -1
04 02 09 +0.75 -1 +1
04 02 10 +0.50 +1 +1
04 02 11 -0.50 +0 -1
04 02 12 -0.75 +0 -1
04 02 13 -0.75 +1 -1
04 02 14 +1.00 -1 +1
04 02 15 +1.00 +1 +1
04 02 16 +0.25 -1 -1
04 02 17 +0.00 -1 +1
04 02 18 +0.50 +0 +1
04 02 19 +0.50 -1 +1
04 02 20 +0.00 +1 -1
04 02 21 +0.75 +1 +1
04 02 22 +0.00 +0 +1
04 02 23 -0.50 +1 -1
04 02 24 +1.00 +0 +1
04 02 25 -0.50 -1 -1
04 02 26 -1.00 -1 -1
04 02 27 -1.00 +0 -1
04 03 01 +0.50 -1 +1
04 03 02 +1.00 +0 +1
04 03 03 -1.00 +0 -1
04 03 04 +0.50 +1 +1
04 03 05 +0.50 +0 +1
04 03 06 +0.00 +1 -1
04 03 07 +1.00 -1 +1
04 03 08 +1.00 +1 +1
04 03 09 -0.25 +1 -1
04 03 10 -0.50 +1 -1
04 03 11 -0.25 +0 +1
04 03 12 +0.00 +0 -1
04 03 13 +0.25 +1 +1
04 03 14 +0.25 -1 +1
04 03 15 -0.75 -1 -1
04 03 16 +0.75 +1 +1
04 03 17 +0.00 -1 -1
04 03 18 -0.50 -1 -1
04 03 19 -1.00 +1 -1
04 03 20 +0.75 -1 +1
04 03 21 +0.25 +0 +1
04 03 22 -0.75 +1 -1
04 03 23 +0.75 +0 +1
04 03 24 -0.50 +0 -1
04 03 25 -0.75 +0 -1
04 03 26 -1.00 -1 -1
04 03 27 -0.25 -1 -1
04 04 01 +0.25 +0 +1
04 04 02 +1.00 +0 +1
04 04 03 +1.00 -1 +1
04 04 04 -0.75 +1 -1
04 04 05 -0.25 +0 -1
04 04 06 +0.50 -1 +1
04 04 07 -0.75 +0 -1
04 04 08 +0.50 +1 +1
04 04 09 +0.75 +1 +1
04 04 10 +0.50 +0 +1
04 04 11 +0.75 -1 +1
04 04 12 +0.75 +0 +1
04 04 13 +0.00 +1 -1
04 04 14 +0.00 -1 +1
04 04 15 +1.00 +1 +1
04 04 16 -0.50 +0 -1
04 04 17 -1.00 -1 -1
04 04 18 +0.25 -1 +1
04 04 19 -0.50 -1 -1
04 04 20 -0.25 +1 -1
04 04 21 -0.25 -1 -1
04 04 22 -0.75 -1 -1
04 04 23 -1.00 +0 -1
04 04 24 -1.00 +1 -1
04 04 25 +0.00 +0 +1
04 04 26 -0.50 +1 -1
04 04 27 +0.25 +1 +1
04 05 01 +0.00 +0 +1
04 05 02 +0.25 +1 +1
04 05 03 +0.75 +0 +1
04 05 04 -0.75 +0 -1
04 05 05 +0.25 +0 +1
04 05 06 +0.50 +0 +1
04 05 07 +0.50 +1 +1
04 05 08 -0.50 -1 -1
04 05 09 -0.75 -1 -1
04 05 10 -1.00 +0 -1
04 05 11 +0.00 -1 +1
04 05 12 +0.75 -1 +1
04 05 13 +0.00 +1 +1
04 05 14 +1.00 +0 +1
04 05 15 +1.00 +1 +1
04 05 16 +0.25 -1 -1
04 05 17 -0.25 +1 +1
04 05 18 -1.00 +1 -1
04 05 19 +0.50 -1 +1
04 05 20 -0.25 -1 +1
04 05 21 -0.50 +0 -1
04 05 22 -0.25 +0 +1
04 05 23 -1.00 -1 -1
04 05 24 +1.00 -1 +1
04 05 25 +0.75 +1 +1
04 05 26 -0.75 +1 -1
04 05 27 -0.50 +1 -1
04 06 01 -1.00 +1 -1
04 06 02 +0.00 -1 +1
04 06 03 +0.75 +1 +1
04 06 04 +0.50 +1 +1
04 06 05 -1.00 +0 -1
04 06 06 -0.50 +1 -1
04 06 07 -0.50 +0 -1
04 06 08 -0.25 +1 -1
04 06 09 +0.25 +1 +1
04 06 10 -0.75 +0 -1
04 06 11 -0.25 -1 -1
04 06 12 +1.00 +0 +1
04 06 13 +0.75 +0 +1
04 06 14 +0.25 +0 +1
04 06 15 -0.75 -1 -1
04 06 16 -0.50 -1 -1
04 06 17 -1.00 -1 -1
04 06 18 +0.25 -1 +1
04 06 19 +0.75 -1 +1
04 06 20 -0.25 +0 -1
04 06 21 +0.00 +0 -1
04 06 22 +0.50 -1 +1
04 06 23 +0.00 +1 +1
04 06 24 +1.00 -1 +1
04 06 25 +1.00 +1 +1
04 06 26 -0.75 +1 -1
04 06 27 +0.50 +0 +1
04 07 01 +0.00 +1 -1
04 07 02 +1.00 +1 +1
04 07 03 -0.25 +1 -1
04 07 04 -1.00 +1 -1
04 07 05 +0.50 -1 +1
04 07 06 -0.25 -1 -1
04 07 07 -1.00 +0 +1
04 07 08 -0.50 +1 -1
04 07 09 -0.75 +1 -1
04 07 10 -0.50 -1 -1
04 07 11 +0.25 -1 +1
04 07 12 +1.00 -1 +1
04 07 13 +0.50 +1 +1
04 07 14 -1.00 -1 -1
04 07 15 +0.25 +1 +1
04 07 16 +0.00 +0 -1
04 07 17 +0.00 -1 -1
04 07 18 +0.75 -1 +1
04 07 19 -0.25 +0 -1
04 07 20 -0.75 +0 -1
04 07 21 +0.75 +1 +1
04 07 22 +0.75 +0 +1
04 07 23 +0.50 +0 +1
04 07 24 +1.00 +0 +1
04 07 25 -0.75 -1 -1
04 07 26 -0.50 +0 -1
04 07 27 +0.25 +0 +1
04 08 01 +1.00 -1 +1
04 08 02 -0.50 +0 -1
04 08 03 -0.25 -1 -1
04 08 04 -0.75 +1 -1
04 08 05 +0.00 +0 +1
04 08 06 +0.75 +0 +1
04 08 07 +0.25 +1 +1
04 08 08 -0.75 +0 -1
04 08 09 +0.50 +0 +1
04 08 10 -0.25 +0 -1
04 08 11 +0.50 +1 +1
04 08 12 -0.50 -1 -1
04 08 13 -0.75 -1 -1
04 08 14 +0.50 -1 +1
04 08 15 +0.75 -1 +1
04 08 16 +1.00 +1 +1
04 08 17 -1.00 +1 -1
04 08 18 -0.50 +1 -1
04 08 19 +0.00 -1 +1
04 08 20 +1.00 +0 +1
04 08 21 +0.75 +1 +1
04 08 22 +0.25 -1 +1
04 08 23 -0.25 +1 -1
04 08 24 +0.00 +1 -1
04 08 25 -1.00 -1 -1
04 08 26 -1.00 +0 -1
04 08 27 +0.25 +0 +1
04 09 01 +0.75 +0 +1
04 09 02 +0.00 +1 -1
04 09 03 +1.00 +0 +1
04 09 04 +0.50 +0 +1
04 09 05 -1.00 +1 -1
04 09 06 +0.50 -1 +1
04 09 07 +0.50 +1 +1
04 09 08 +0.00 -1 +1
04 09 09 -0.50 -1 +1
04 09 10 +0.75 -1 +1
04 09 11 -0.25 +1 -1
04 09 12 -1.00 +0 -1
04 09 13 +1.00 -1 +1
04 09 14 +0.25 -1 +1
04 09 15 +0.25 +1 +1
04 09 16 -0.75 -1 -1
04 09 17 +0.75 +1 +1
04 09 18 -0.25 -1 -1
04 09 19 -0.50 +1 -1
04 09 20 -0.50 +0 -1
04 09 21 -1.00 -1 -1
04 09 22 -0.75 +0 -1
04 09 23 +1.00 +1 +1
04 09 24 -0.75 +1 -1
04 09 25 +0.00 +0 +1
04 09 26 -0.25 +0 -1
04 09 27 +0.25 +0 +1
04 10 01 +0.75 +0 +1
04 10 02 -1.00 +1 -1
04 10 03 -0.75 -1 -1
04 10 04 +1.00 -1 +1
04 10 05 +0.25 -1 +1
04 10 06 -1.00 -1 -1
04 10 07 +0.75 +1 +1
04 10 08 +0.00 +1 -1
04 10 09 -0.50 -1 -1
04 10 10 +1.00 +1 +1
04 10 11 +0.50 +1 +1
04 10 12 -0.75 +1 -1
04 10 13 -0.25 -1 -1
04 10 14 +0.50 -1 +1
04 10 15 +0.00 -1 -1
04 10 16 +0.50 +0 +1
04 10 17 -0.75 +0 -1
04 10 18 +0.75 -1 +1
04 10 19 +1.00 +0 +1
04 10 20 +0.00 +0 -1
04 10 21 -0.50 +0 -1
04 10 22 -1.00 +0 -1
04 10 23 +0.25 +1 +1
04 10 24 +0.25 +0 +1
04 10 25 -0.50 +1 -1
04 10 26 -0.25 +0 -1
04 10 27 -0.25 +1 -1
